! Date  2026-09-16
!
! Number of variables            =  42
! Number of equations            =  47820
! fast ridge regression used
! Ridge alpha =  1.0000e-04
! RMSE                           =  3.0121e+01
! max abs variable               =  2.7618e+02
! number of fitting vars         =  42
! Bayesian Information Criterion =  3.2613e+05
!
USECOUL: false
FITCOUL: false
USE3BCH: true
USE4BCH: false
EXCLD1B: false
EXCLD2B: false

PAIRTYP: CHEBYSHEV  12 5 0 -1 1

ATOM TYPES: 1

# TYPEIDX #	# ATM_TYP #	# ATMCHRG #	# ATMMASS #
0		N		0		14.0067

ATOM PAIRS: 1

# PAIRIDX #	# ATM_TY1 #	# ATM_TY1 #	# S_MINIM #	# S_MAXIM #	# CHBDIST #	# MORSE_LAMBDA #
	0               N               N               0.86            8               MORSE           1.09            

FCUT TYPE: TERSOFF 0.75

SPECIAL 3B S_MAXIM: SPECIFIC 1
NNNNNN NN NN NN 5.00000 5.00000 5.00000 

ATOM PAIR TRIPLETS: 1
ATOM PAIR QUADRUPLETS: 0

PAIR CHEBYSHEV PARAMS 

PAIRTYPE PARAMS: 0 N N

  0   1.4329293916755e+01
  1   2.7820883483756e+01
  2   4.3756168726835e+01
  3   3.6337645073317e+01
  4   7.6586452739906e+00
  5  -3.3026559170011e+00
  6   9.0314501812497e-02
  7   6.0192560376019e-02
  8  -2.9283125749905e-01
  9   4.6394079283992e-02
 10   2.6928775353535e-01
 11   2.9708973868077e-01
 
TRIPLET CHEBYSHEV PARAMS 

TRIPLETTYPE PARAMS:
   INDEX: 0 ATOMS: N N N
   PAIRS: NN NN NN UNIQUE: 30 TOTAL: 112
     index  |  powers  |  equiv index  |  param index  |       parameter       
   ----------------------------------------------------------------------------
      0       0  1  1         0               0         -1.6143639264896e+01
      1       1  0  1         0               0         -1.6143639264896e+01
      2       1  1  0         0               0         -1.6143639264896e+01
      3       0  1  2         3               1         -1.0627598866320e+01
      4       1  0  2         3               1         -1.0627598866320e+01
      5       0  2  1         3               1         -1.0627598866320e+01
      6       2  0  1         3               1         -1.0627598866320e+01
      7       1  2  0         3               1         -1.0627598866320e+01
      8       2  1  0         3               1         -1.0627598866320e+01
      9       0  1  3         9               2         -1.0729203195339e+01
      10      1  0  3         9               2         -1.0729203195339e+01
      11      0  3  1         9               2         -1.0729203195339e+01
      12      3  0  1         9               2         -1.0729203195339e+01
      13      1  3  0         9               2         -1.0729203195339e+01
      14      3  1  0         9               2         -1.0729203195339e+01
      15      0  1  4         15              3          5.4878588477818e+00
      16      1  0  4         15              3          5.4878588477818e+00
      17      0  4  1         15              3          5.4878588477818e+00
      18      4  0  1         15              3          5.4878588477818e+00
      19      1  4  0         15              3          5.4878588477818e+00
      20      4  1  0         15              3          5.4878588477818e+00
      21      0  2  2         21              4          8.1792165071672e+01
      22      2  0  2         21              4          8.1792165071672e+01
      23      2  2  0         21              4          8.1792165071672e+01
      24      0  2  3         24              5          4.5722727965157e+01
      25      2  0  3         24              5          4.5722727965157e+01
      26      0  3  2         24              5          4.5722727965157e+01
      27      3  0  2         24              5          4.5722727965157e+01
      28      2  3  0         24              5          4.5722727965157e+01
      29      3  2  0         24              5          4.5722727965157e+01
      30      0  2  4         30              6          4.0795269995954e+01
      31      2  0  4         30              6          4.0795269995954e+01
      32      0  4  2         30              6          4.0795269995954e+01
      33      4  0  2         30              6          4.0795269995954e+01
      34      2  4  0         30              6          4.0795269995954e+01
      35      4  2  0         30              6          4.0795269995954e+01
      36      0  3  3         36              7          2.1882944526204e+01
      37      3  0  3         36              7          2.1882944526204e+01
      38      3  3  0         36              7          2.1882944526204e+01
      39      0  3  4         39              8          2.5957241505734e+01
      40      3  0  4         39              8          2.5957241505734e+01
      41      0  4  3         39              8          2.5957241505734e+01
      42      4  0  3         39              8          2.5957241505734e+01
      43      3  4  0         39              8          2.5957241505734e+01
      44      4  3  0         39              8          2.5957241505734e+01
      45      0  4  4         45              9          1.8877147374966e+01
      46      4  0  4         45              9          1.8877147374966e+01
      47      4  4  0         45              9          1.8877147374966e+01
      48      1  1  1         48              10        -1.0875428001056e+02
      49      1  1  2         49              11        -1.0405604489464e+02
      50      1  2  1         49              11        -1.0405604489464e+02
      51      2  1  1         49              11        -1.0405604489464e+02
      52      1  1  3         52              12        -1.0142829656370e+02
      53      1  3  1         52              12        -1.0142829656370e+02
      54      3  1  1         52              12        -1.0142829656370e+02
      55      1  1  4         55              13        -1.0468702300844e+01
      56      1  4  1         55              13        -1.0468702300844e+01
      57      4  1  1         55              13        -1.0468702300844e+01
      58      1  2  2         58              14         4.4093124082288e+01
      59      2  1  2         58              14         4.4093124082288e+01
      60      2  2  1         58              14         4.4093124082288e+01
      61      1  2  3         61              15        -2.5016111472469e+01
      62      2  1  3         61              15        -2.5016111472469e+01
      63      1  3  2         61              15        -2.5016111472469e+01
      64      3  1  2         61              15        -2.5016111472469e+01
      65      2  3  1         61              15        -2.5016111472469e+01
      66      3  2  1         61              15        -2.5016111472469e+01
      67      1  2  4         67              16         3.9236040691030e+01
      68      2  1  4         67              16         3.9236040691030e+01
      69      1  4  2         67              16         3.9236040691030e+01
      70      4  1  2         67              16         3.9236040691030e+01
      71      2  4  1         67              16         3.9236040691030e+01
      72      4  2  1         67              16         3.9236040691030e+01
      73      1  3  3         73              17        -6.9257302545849e+01
      74      3  1  3         73              17        -6.9257302545849e+01
      75      3  3  1         73              17        -6.9257302545849e+01
      76      1  3  4         76              18         8.7277904655343e+00
      77      3  1  4         76              18         8.7277904655343e+00
      78      1  4  3         76              18         8.7277904655343e+00
      79      4  1  3         76              18         8.7277904655343e+00
      80      3  4  1         76              18         8.7277904655343e+00
      81      4  3  1         76              18         8.7277904655343e+00
      82      1  4  4         82              19         2.1457434215568e+01
      83      4  1  4         82              19         2.1457434215568e+01
      84      4  4  1         82              19         2.1457434215568e+01
      85      2  2  2         85              20         2.7618277249424e+02
      86      2  2  3         86              21         1.1842030002912e+02
      87      2  3  2         86              21         1.1842030002912e+02
      88      3  2  2         86              21         1.1842030002912e+02
      89      2  2  4         89              22         1.1091876596383e+02
      90      2  4  2         89              22         1.1091876596383e+02
      91      4  2  2         89              22         1.1091876596383e+02
      92      2  3  3         92              23         1.3590983508233e+01
      93      3  2  3         92              23         1.3590983508233e+01
      94      3  3  2         92              23         1.3590983508233e+01
      95      2  3  4         95              24         5.1321295120323e+01
      96      3  2  4         95              24         5.1321295120323e+01
      97      2  4  3         95              24         5.1321295120323e+01
      98      4  2  3         95              24         5.1321295120323e+01
      99      3  4  2         95              24         5.1321295120323e+01
      100     4  3  2         95              24         5.1321295120323e+01
      101     2  4  4         101             25         3.7032339817609e+01
      102     4  2  4         101             25         3.7032339817609e+01
      103     4  4  2         101             25         3.7032339817609e+01
      104     3  3  3         104             26        -5.3327489473020e+01
      105     3  3  4         105             27         1.1906297563650e+01
      106     3  4  3         105             27         1.1906297563650e+01
      107     4  3  3         105             27         1.1906297563650e+01
      108     3  4  4         108             28         1.6226499486983e+01
      109     4  3  4         108             28         1.6226499486983e+01
      110     4  4  3         108             28         1.6226499486983e+01
      111     4  4  4         111             29         8.3288302029069e+00


PAIRMAPS: 1
0 NN

TRIPMAPS: 1
0 NNNNNN

ENDFILE
