! Date  2026-09-16
!
! Number of variables            =  42
! Number of equations            =  23760
! svd algorithm used
! eps (= args.eps*dmax)          =   1.1109e-04
! SVD regularization factor      =  1.0000e-08
! RMSE                           =  2.6591e+01
! max abs variable               =  4.2408e+02
! number of fitting vars         =  42
! Bayesian Information Criterion =  1.5632e+05
!
USECOUL: false
FITCOUL: false
USE3BCH: true
USE4BCH: false
EXCLD1B: false
EXCLD2B: false

PAIRTYP: CHEBYSHEV  12 5 0 -1 1

ATOM TYPES: 1

# TYPEIDX #	# ATM_TYP #	# ATMCHRG #	# ATMMASS #
0		N		0		14.0067

ATOM PAIRS: 1

# PAIRIDX #	# ATM_TY1 #	# ATM_TY1 #	# S_MINIM #	# S_MAXIM #	# CHBDIST #	# MORSE_LAMBDA #
	0               N               N               0.86            8               MORSE           1.09            

FCUT TYPE: TERSOFF 0.75

SPECIAL 3B S_MAXIM: SPECIFIC 1
NNNNNN NN NN NN 5.00000 5.00000 5.00000 

ATOM PAIR TRIPLETS: 1
ATOM PAIR QUADRUPLETS: 0

PAIR CHEBYSHEV PARAMS 

PAIRTYPE PARAMS: 0 N N

  0   8.6338448527927e+00
  1   2.1452045281463e+01
  2   3.7506511425390e+01
  3   2.9719045079071e+01
  4   2.6101193032869e+00
  5  -6.8122192537810e+00
  6  -2.5838887806724e+00
  7  -2.0677224183522e+00
  8  -1.2578329653589e+00
  9  -1.9726210718162e-01
 10   2.1384742776377e-02
 11   2.6835982691925e-01
 
TRIPLET CHEBYSHEV PARAMS 

TRIPLETTYPE PARAMS:
   INDEX: 0 ATOMS: N N N
   PAIRS: NN NN NN UNIQUE: 30 TOTAL: 112
     index  |  powers  |  equiv index  |  param index  |       parameter       
   ----------------------------------------------------------------------------
      0       0  1  1         0               0          3.5673848281016e+01
      1       1  0  1         0               0          3.5673848281016e+01
      2       1  1  0         0               0          3.5673848281016e+01
      3       0  1  2         3               1          6.8775418248915e+01
      4       1  0  2         3               1          6.8775418248915e+01
      5       0  2  1         3               1          6.8775418248915e+01
      6       2  0  1         3               1          6.8775418248915e+01
      7       1  2  0         3               1          6.8775418248915e+01
      8       2  1  0         3               1          6.8775418248915e+01
      9       0  1  3         9               2          6.7144153643449e+01
      10      1  0  3         9               2          6.7144153643449e+01
      11      0  3  1         9               2          6.7144153643449e+01
      12      3  0  1         9               2          6.7144153643449e+01
      13      1  3  0         9               2          6.7144153643449e+01
      14      3  1  0         9               2          6.7144153643449e+01
      15      0  1  4         15              3          3.2871440380996e+01
      16      1  0  4         15              3          3.2871440380996e+01
      17      0  4  1         15              3          3.2871440380996e+01
      18      4  0  1         15              3          3.2871440380996e+01
      19      1  4  0         15              3          3.2871440380996e+01
      20      4  1  0         15              3          3.2871440380996e+01
      21      0  2  2         21              4          1.1760011548103e+02
      22      2  0  2         21              4          1.1760011548103e+02
      23      2  2  0         21              4          1.1760011548103e+02
      24      0  2  3         24              5          1.0230833257981e+02
      25      2  0  3         24              5          1.0230833257981e+02
      26      0  3  2         24              5          1.0230833257981e+02
      27      3  0  2         24              5          1.0230833257981e+02
      28      2  3  0         24              5          1.0230833257981e+02
      29      3  2  0         24              5          1.0230833257981e+02
      30      0  2  4         30              6          5.2054624029560e+01
      31      2  0  4         30              6          5.2054624029560e+01
      32      0  4  2         30              6          5.2054624029560e+01
      33      4  0  2         30              6          5.2054624029560e+01
      34      2  4  0         30              6          5.2054624029560e+01
      35      4  2  0         30              6          5.2054624029560e+01
      36      0  3  3         36              7          9.1044971107503e+01
      37      3  0  3         36              7          9.1044971107503e+01
      38      3  3  0         36              7          9.1044971107503e+01
      39      0  3  4         39              8          4.3383611278210e+01
      40      3  0  4         39              8          4.3383611278210e+01
      41      0  4  3         39              8          4.3383611278210e+01
      42      4  0  3         39              8          4.3383611278210e+01
      43      3  4  0         39              8          4.3383611278210e+01
      44      4  3  0         39              8          4.3383611278210e+01
      45      0  4  4         45              9          2.0865988769956e+01
      46      4  0  4         45              9          2.0865988769956e+01
      47      4  4  0         45              9          2.0865988769956e+01
      48      1  1  1         48              10         1.5190174985961e+02
      49      1  1  2         49              11         2.1569593563594e+02
      50      1  2  1         49              11         2.1569593563594e+02
      51      2  1  1         49              11         2.1569593563594e+02
      52      1  1  3         52              12         1.8181668784572e+02
      53      1  3  1         52              12         1.8181668784572e+02
      54      3  1  1         52              12         1.8181668784572e+02
      55      1  1  4         55              13         8.7041904196642e+01
      56      1  4  1         55              13         8.7041904196642e+01
      57      4  1  1         55              13         8.7041904196642e+01
      58      1  2  2         58              14         2.6968008709228e+02
      59      2  1  2         58              14         2.6968008709228e+02
      60      2  2  1         58              14         2.6968008709228e+02
      61      1  2  3         61              15         1.8664015371493e+02
      62      2  1  3         61              15         1.8664015371493e+02
      63      1  3  2         61              15         1.8664015371493e+02
      64      3  1  2         61              15         1.8664015371493e+02
      65      2  3  1         61              15         1.8664015371493e+02
      66      3  2  1         61              15         1.8664015371493e+02
      67      1  2  4         67              16         1.0046114467492e+02
      68      2  1  4         67              16         1.0046114467492e+02
      69      1  4  2         67              16         1.0046114467492e+02
      70      4  1  2         67              16         1.0046114467492e+02
      71      2  4  1         67              16         1.0046114467492e+02
      72      4  2  1         67              16         1.0046114467492e+02
      73      1  3  3         73              17         1.1590143702180e+02
      74      3  1  3         73              17         1.1590143702180e+02
      75      3  3  1         73              17         1.1590143702180e+02
      76      1  3  4         76              18         6.1842782291660e+01
      77      3  1  4         76              18         6.1842782291660e+01
      78      1  4  3         76              18         6.1842782291660e+01
      79      4  1  3         76              18         6.1842782291660e+01
      80      3  4  1         76              18         6.1842782291660e+01
      81      4  3  1         76              18         6.1842782291660e+01
      82      1  4  4         82              19         3.4904962915969e+01
      83      4  1  4         82              19         3.4904962915969e+01
      84      4  4  1         82              19         3.4904962915969e+01
      85      2  2  2         85              20         4.2408051420197e+02
      86      2  2  3         86              21         2.7689349278689e+02
      87      2  3  2         86              21         2.7689349278689e+02
      88      3  2  2         86              21         2.7689349278689e+02
      89      2  2  4         89              22         1.5845207951483e+02
      90      2  4  2         89              22         1.5845207951483e+02
      91      4  2  2         89              22         1.5845207951483e+02
      92      2  3  3         92              23         1.5360872443056e+02
      93      3  2  3         92              23         1.5360872443056e+02
      94      3  3  2         92              23         1.5360872443056e+02
      95      2  3  4         95              24         9.5622298897948e+01
      96      3  2  4         95              24         9.5622298897948e+01
      97      2  4  3         95              24         9.5622298897948e+01
      98      4  2  3         95              24         9.5622298897948e+01
      99      3  4  2         95              24         9.5622298897948e+01
      100     4  3  2         95              24         9.5622298897948e+01
      101     2  4  4         101             25         5.0377381625716e+01
      102     4  2  4         101             25         5.0377381625716e+01
      103     4  4  2         101             25         5.0377381625716e+01
      104     3  3  3         104             26         5.0715514845251e+01
      105     3  3  4         105             27         4.5280134703405e+01
      106     3  4  3         105             27         4.5280134703405e+01
      107     4  3  3         105             27         4.5280134703405e+01
      108     3  4  4         108             28         2.7282837796401e+01
      109     4  3  4         108             28         2.7282837796401e+01
      110     4  4  3         108             28         2.7282837796401e+01
      111     4  4  4         111             29         9.8168292884371e+00


PAIRMAPS: 1
0 NN

TRIPMAPS: 1
0 NNNNNN

ENDFILE
