! Date  2026-09-16
!
! Number of variables            =  42
! Number of equations            =  46440
! fast ridge regression used
! Ridge alpha =  1.0000e-04
! RMSE                           =  3.4570e+01
! max abs variable               =  1.1344e+02
! number of fitting vars         =  42
! Bayesian Information Criterion =  3.2952e+05
!
USECOUL: false
FITCOUL: false
USE3BCH: true
USE4BCH: false
EXCLD1B: false
EXCLD2B: false

PAIRTYP: CHEBYSHEV  12 5 0 -1 1

ATOM TYPES: 1

# TYPEIDX #	# ATM_TYP #	# ATMCHRG #	# ATMMASS #
0		N		0		14.0067

ATOM PAIRS: 1

# PAIRIDX #	# ATM_TY1 #	# ATM_TY1 #	# S_MINIM #	# S_MAXIM #	# CHBDIST #	# MORSE_LAMBDA #
	0               N               N               0.86            8               MORSE           1.09            

FCUT TYPE: TERSOFF 0.75

SPECIAL 3B S_MAXIM: SPECIFIC 1
NNNNNN NN NN NN 5.00000 5.00000 5.00000 

ATOM PAIR TRIPLETS: 1
ATOM PAIR QUADRUPLETS: 0

PAIR CHEBYSHEV PARAMS 

PAIRTYPE PARAMS: 0 N N

  0   1.3787806313993e+01
  1   2.6686437309179e+01
  2   4.5726702791876e+01
  3   3.8473504326354e+01
  4   9.1430300322702e+00
  5  -3.1410415067828e+00
  6   3.0936326669860e-01
  7   7.7178358068514e-02
  8  -7.9065215969372e-02
  9  -3.0462469186620e-01
 10   2.6892921581449e-01
 11   1.6594910251611e-01
 
TRIPLET CHEBYSHEV PARAMS 

TRIPLETTYPE PARAMS:
   INDEX: 0 ATOMS: N N N
   PAIRS: NN NN NN UNIQUE: 30 TOTAL: 112
     index  |  powers  |  equiv index  |  param index  |       parameter       
   ----------------------------------------------------------------------------
      0       0  1  1         0               0          1.8899963794098e+00
      1       1  0  1         0               0          1.8899963794098e+00
      2       1  1  0         0               0          1.8899963794098e+00
      3       0  1  2         3               1         -1.0592221100431e+01
      4       1  0  2         3               1         -1.0592221100431e+01
      5       0  2  1         3               1         -1.0592221100431e+01
      6       2  0  1         3               1         -1.0592221100431e+01
      7       1  2  0         3               1         -1.0592221100431e+01
      8       2  1  0         3               1         -1.0592221100431e+01
      9       0  1  3         9               2         -2.7116239850717e+00
      10      1  0  3         9               2         -2.7116239850717e+00
      11      0  3  1         9               2         -2.7116239850717e+00
      12      3  0  1         9               2         -2.7116239850717e+00
      13      1  3  0         9               2         -2.7116239850717e+00
      14      3  1  0         9               2         -2.7116239850717e+00
      15      0  1  4         15              3          9.9178066917679e-01
      16      1  0  4         15              3          9.9178066917679e-01
      17      0  4  1         15              3          9.9178066917679e-01
      18      4  0  1         15              3          9.9178066917679e-01
      19      1  4  0         15              3          9.9178066917679e-01
      20      4  1  0         15              3          9.9178066917679e-01
      21      0  2  2         21              4          3.1873102063889e+01
      22      2  0  2         21              4          3.1873102063889e+01
      23      2  2  0         21              4          3.1873102063889e+01
      24      0  2  3         24              5          1.9346792639798e+01
      25      2  0  3         24              5          1.9346792639798e+01
      26      0  3  2         24              5          1.9346792639798e+01
      27      3  0  2         24              5          1.9346792639798e+01
      28      2  3  0         24              5          1.9346792639798e+01
      29      3  2  0         24              5          1.9346792639798e+01
      30      0  2  4         30              6          1.9583434055579e+01
      31      2  0  4         30              6          1.9583434055579e+01
      32      0  4  2         30              6          1.9583434055579e+01
      33      4  0  2         30              6          1.9583434055579e+01
      34      2  4  0         30              6          1.9583434055579e+01
      35      4  2  0         30              6          1.9583434055579e+01
      36      0  3  3         36              7          1.3641976965491e+01
      37      3  0  3         36              7          1.3641976965491e+01
      38      3  3  0         36              7          1.3641976965491e+01
      39      0  3  4         39              8          1.1840586042350e+01
      40      3  0  4         39              8          1.1840586042350e+01
      41      0  4  3         39              8          1.1840586042350e+01
      42      4  0  3         39              8          1.1840586042350e+01
      43      3  4  0         39              8          1.1840586042350e+01
      44      4  3  0         39              8          1.1840586042350e+01
      45      0  4  4         45              9          1.0992511575152e+01
      46      4  0  4         45              9          1.0992511575152e+01
      47      4  4  0         45              9          1.0992511575152e+01
      48      1  1  1         48              10        -1.8083670795317e+00
      49      1  1  2         49              11        -6.8884951531112e+01
      50      1  2  1         49              11        -6.8884951531112e+01
      51      2  1  1         49              11        -6.8884951531112e+01
      52      1  1  3         52              12        -4.9092518381221e+01
      53      1  3  1         52              12        -4.9092518381221e+01
      54      3  1  1         52              12        -4.9092518381221e+01
      55      1  1  4         55              13        -1.6951003586023e+01
      56      1  4  1         55              13        -1.6951003586023e+01
      57      4  1  1         55              13        -1.6951003586023e+01
      58      1  2  2         58              14        -6.1590396587379e+00
      59      2  1  2         58              14        -6.1590396587379e+00
      60      2  2  1         58              14        -6.1590396587379e+00
      61      1  2  3         61              15        -3.2550736263319e+01
      62      2  1  3         61              15        -3.2550736263319e+01
      63      1  3  2         61              15        -3.2550736263319e+01
      64      3  1  2         61              15        -3.2550736263319e+01
      65      2  3  1         61              15        -3.2550736263319e+01
      66      3  2  1         61              15        -3.2550736263319e+01
      67      1  2  4         67              16         4.5903033932638e+00
      68      2  1  4         67              16         4.5903033932638e+00
      69      1  4  2         67              16         4.5903033932638e+00
      70      4  1  2         67              16         4.5903033932638e+00
      71      2  4  1         67              16         4.5903033932638e+00
      72      4  2  1         67              16         4.5903033932638e+00
      73      1  3  3         73              17        -5.2030318312883e+01
      74      3  1  3         73              17        -5.2030318312883e+01
      75      3  3  1         73              17        -5.2030318312883e+01
      76      1  3  4         76              18        -1.0191285587083e+01
      77      3  1  4         76              18        -1.0191285587083e+01
      78      1  4  3         76              18        -1.0191285587083e+01
      79      4  1  3         76              18        -1.0191285587083e+01
      80      3  4  1         76              18        -1.0191285587083e+01
      81      4  3  1         76              18        -1.0191285587083e+01
      82      1  4  4         82              19         7.0932978512135e+00
      83      4  1  4         82              19         7.0932978512135e+00
      84      4  4  1         82              19         7.0932978512135e+00
      85      2  2  2         85              20         1.1344006368334e+02
      86      2  2  3         86              21         4.7327175930673e+01
      87      2  3  2         86              21         4.7327175930673e+01
      88      3  2  2         86              21         4.7327175930673e+01
      89      2  2  4         89              22         5.1465795317909e+01
      90      2  4  2         89              22         5.1465795317909e+01
      91      4  2  2         89              22         5.1465795317909e+01
      92      2  3  3         92              23        -4.2647728560750e+00
      93      3  2  3         92              23        -4.2647728560750e+00
      94      3  3  2         92              23        -4.2647728560750e+00
      95      2  3  4         95              24         2.0911715985682e+01
      96      3  2  4         95              24         2.0911715985682e+01
      97      2  4  3         95              24         2.0911715985682e+01
      98      4  2  3         95              24         2.0911715985682e+01
      99      3  4  2         95              24         2.0911715985682e+01
      100     4  3  2         95              24         2.0911715985682e+01
      101     2  4  4         101             25         2.0180675389119e+01
      102     4  2  4         101             25         2.0180675389119e+01
      103     4  4  2         101             25         2.0180675389119e+01
      104     3  3  3         104             26        -4.7337169914200e+01
      105     3  3  4         105             27        -1.9348830750120e-01
      106     3  4  3         105             27        -1.9348830750120e-01
      107     4  3  3         105             27        -1.9348830750120e-01
      108     3  4  4         108             28         7.6216820951341e+00
      109     4  3  4         108             28         7.6216820951341e+00
      110     4  4  3         108             28         7.6216820951341e+00
      111     4  4  4         111             29         5.5849356098306e+00


PAIRMAPS: 1
0 NN

TRIPMAPS: 1
0 NNNNNN

ENDFILE
