! Date  2026-09-16
!
! Number of variables            =  42
! Number of equations            =  49872
! fast ridge regression used
! Ridge alpha =  1.0000e-04
! RMSE                           =  3.8363e+01
! max abs variable               =  1.1210e+02
! number of fitting vars         =  42
! Bayesian Information Criterion =  3.6423e+05
!
USECOUL: false
FITCOUL: false
USE3BCH: true
USE4BCH: false
EXCLD1B: false
EXCLD2B: false

PAIRTYP: CHEBYSHEV  12 5 0 -1 1

ATOM TYPES: 1

# TYPEIDX #	# ATM_TYP #	# ATMCHRG #	# ATMMASS #
0		N		0		14.0067

ATOM PAIRS: 1

# PAIRIDX #	# ATM_TY1 #	# ATM_TY1 #	# S_MINIM #	# S_MAXIM #	# CHBDIST #	# MORSE_LAMBDA #
	0               N               N               0.86            8               MORSE           1.09            

FCUT TYPE: TERSOFF 0.75

SPECIAL 3B S_MAXIM: SPECIFIC 1
NNNNNN NN NN NN 5.00000 5.00000 5.00000 

ATOM PAIR TRIPLETS: 1
ATOM PAIR QUADRUPLETS: 0

PAIR CHEBYSHEV PARAMS 

PAIRTYPE PARAMS: 0 N N

  0   1.3625315168522e+01
  1   2.7028278501564e+01
  2   4.5238258321355e+01
  3   3.7757815377770e+01
  4   9.1960918403963e+00
  5  -2.7260804502089e+00
  6   2.0682215577503e-01
  7  -4.8232696626389e-02
  8  -1.5854747411201e-01
  9  -4.0583573708839e-01
 10   2.7002710425774e-01
 11   1.3293214247816e-01
 
TRIPLET CHEBYSHEV PARAMS 

TRIPLETTYPE PARAMS:
   INDEX: 0 ATOMS: N N N
   PAIRS: NN NN NN UNIQUE: 30 TOTAL: 112
     index  |  powers  |  equiv index  |  param index  |       parameter       
   ----------------------------------------------------------------------------
      0       0  1  1         0               0          7.0286198935934e+00
      1       1  0  1         0               0          7.0286198935934e+00
      2       1  1  0         0               0          7.0286198935934e+00
      3       0  1  2         3               1         -1.1452929553430e+01
      4       1  0  2         3               1         -1.1452929553430e+01
      5       0  2  1         3               1         -1.1452929553430e+01
      6       2  0  1         3               1         -1.1452929553430e+01
      7       1  2  0         3               1         -1.1452929553430e+01
      8       2  1  0         3               1         -1.1452929553430e+01
      9       0  1  3         9               2         -4.2855579155521e+00
      10      1  0  3         9               2         -4.2855579155521e+00
      11      0  3  1         9               2         -4.2855579155521e+00
      12      3  0  1         9               2         -4.2855579155521e+00
      13      1  3  0         9               2         -4.2855579155521e+00
      14      3  1  0         9               2         -4.2855579155521e+00
      15      0  1  4         15              3         -2.6405048194749e+00
      16      1  0  4         15              3         -2.6405048194749e+00
      17      0  4  1         15              3         -2.6405048194749e+00
      18      4  0  1         15              3         -2.6405048194749e+00
      19      1  4  0         15              3         -2.6405048194749e+00
      20      4  1  0         15              3         -2.6405048194749e+00
      21      0  2  2         21              4          3.0568103720927e+01
      22      2  0  2         21              4          3.0568103720927e+01
      23      2  2  0         21              4          3.0568103720927e+01
      24      0  2  3         24              5          2.0133787750658e+01
      25      2  0  3         24              5          2.0133787750658e+01
      26      0  3  2         24              5          2.0133787750658e+01
      27      3  0  2         24              5          2.0133787750658e+01
      28      2  3  0         24              5          2.0133787750658e+01
      29      3  2  0         24              5          2.0133787750658e+01
      30      0  2  4         30              6          2.0661224529804e+01
      31      2  0  4         30              6          2.0661224529804e+01
      32      0  4  2         30              6          2.0661224529804e+01
      33      4  0  2         30              6          2.0661224529804e+01
      34      2  4  0         30              6          2.0661224529804e+01
      35      4  2  0         30              6          2.0661224529804e+01
      36      0  3  3         36              7          1.2651411312818e+01
      37      3  0  3         36              7          1.2651411312818e+01
      38      3  3  0         36              7          1.2651411312818e+01
      39      0  3  4         39              8          1.2021902237541e+01
      40      3  0  4         39              8          1.2021902237541e+01
      41      0  4  3         39              8          1.2021902237541e+01
      42      4  0  3         39              8          1.2021902237541e+01
      43      3  4  0         39              8          1.2021902237541e+01
      44      4  3  0         39              8          1.2021902237541e+01
      45      0  4  4         45              9          1.2896804139937e+01
      46      4  0  4         45              9          1.2896804139937e+01
      47      4  4  0         45              9          1.2896804139937e+01
      48      1  1  1         48              10         2.4648378129664e+01
      49      1  1  2         49              11        -6.6706829691931e+01
      50      1  2  1         49              11        -6.6706829691931e+01
      51      2  1  1         49              11        -6.6706829691931e+01
      52      1  1  3         52              12        -5.0351974151156e+01
      53      1  3  1         52              12        -5.0351974151156e+01
      54      3  1  1         52              12        -5.0351974151156e+01
      55      1  1  4         55              13        -2.6945068634619e+01
      56      1  4  1         55              13        -2.6945068634619e+01
      57      4  1  1         55              13        -2.6945068634619e+01
      58      1  2  2         58              14        -2.4805716597044e+00
      59      2  1  2         58              14        -2.4805716597044e+00
      60      2  2  1         58              14        -2.4805716597044e+00
      61      1  2  3         61              15        -2.8261368449872e+01
      62      2  1  3         61              15        -2.8261368449872e+01
      63      1  3  2         61              15        -2.8261368449872e+01
      64      3  1  2         61              15        -2.8261368449872e+01
      65      2  3  1         61              15        -2.8261368449872e+01
      66      3  2  1         61              15        -2.8261368449872e+01
      67      1  2  4         67              16         5.7227734778242e+00
      68      2  1  4         67              16         5.7227734778242e+00
      69      1  4  2         67              16         5.7227734778242e+00
      70      4  1  2         67              16         5.7227734778242e+00
      71      2  4  1         67              16         5.7227734778242e+00
      72      4  2  1         67              16         5.7227734778242e+00
      73      1  3  3         73              17        -5.0277951498822e+01
      74      3  1  3         73              17        -5.0277951498822e+01
      75      3  3  1         73              17        -5.0277951498822e+01
      76      1  3  4         76              18        -9.0770480892547e+00
      77      3  1  4         76              18        -9.0770480892547e+00
      78      1  4  3         76              18        -9.0770480892547e+00
      79      4  1  3         76              18        -9.0770480892547e+00
      80      3  4  1         76              18        -9.0770480892547e+00
      81      4  3  1         76              18        -9.0770480892547e+00
      82      1  4  4         82              19         1.0800933164478e+01
      83      4  1  4         82              19         1.0800933164478e+01
      84      4  4  1         82              19         1.0800933164478e+01
      85      2  2  2         85              20         1.1210049509565e+02
      86      2  2  3         86              21         5.2186034887932e+01
      87      2  3  2         86              21         5.2186034887932e+01
      88      3  2  2         86              21         5.2186034887932e+01
      89      2  2  4         89              22         5.3774363741216e+01
      90      2  4  2         89              22         5.3774363741216e+01
      91      4  2  2         89              22         5.3774363741216e+01
      92      2  3  3         92              23        -3.5490622052531e-01
      93      3  2  3         92              23        -3.5490622052531e-01
      94      3  3  2         92              23        -3.5490622052531e-01
      95      2  3  4         95              24         2.3235068337524e+01
      96      3  2  4         95              24         2.3235068337524e+01
      97      2  4  3         95              24         2.3235068337524e+01
      98      4  2  3         95              24         2.3235068337524e+01
      99      3  4  2         95              24         2.3235068337524e+01
      100     4  3  2         95              24         2.3235068337524e+01
      101     2  4  4         101             25         2.2702356792168e+01
      102     4  2  4         101             25         2.2702356792168e+01
      103     4  4  2         101             25         2.2702356792168e+01
      104     3  3  3         104             26        -4.3342066328746e+01
      105     3  3  4         105             27         1.7801496552535e+00
      106     3  4  3         105             27         1.7801496552535e+00
      107     4  3  3         105             27         1.7801496552535e+00
      108     3  4  4         108             28         9.1997635276671e+00
      109     4  3  4         108             28         9.1997635276671e+00
      110     4  4  3         108             28         9.1997635276671e+00
      111     4  4  4         111             29         6.1756470632266e+00


PAIRMAPS: 1
0 NN

TRIPMAPS: 1
0 NNNNNN

ENDFILE
